149 152 0 0 0 0 0 0 0 0 0 0 0 0 0 0 0 0 0 0 0 0 149 152
149 152 0 0 0 0 0 0 0 0 0 0 0 0 0 0 0 0 0 0 0 0 149 152
149 152 6 6 0 0 0 0 0 0 0 0 0 0 0 0 0 0 0 0 0 0 149 152
149 152 0 0 0 0 0 0 0 0 0 0 0 0 0 0 0 0 0 0 0 0 149 152
149 152 0 0 0 0 0 0 0 153 155 155 155 155 155 156 0 0 0 0 0 0 149 152
149 152 0 0 0 0 0 0 0 158 3 0 0 0 0 0 0 0 0 0 0 0 149 152
149 152 0 0 0 0 0 0 0 0 0 0 0 0 0 0 0 0 0 0 0 0 149 152
149 152 0 0 0 0 0 0 0 0 0 0 0 0 0 0 0 0 0 0 153 155 149 152
149 152 0 0 0 0 0 0 0 0 0 0 0 0 0 0 0 0 0 0 0 158 25 152
149 152 0 0 0 0 0 0 0 0 0 0 0 0 0 0 0 0 0 0 0 0 149 152
149 152 0 0 0 0 0 0 0 0 0 0 153 156 0 0 0 0 0 0 0 0 149 152
149 152 0 0 0 0 0 0 0 0 0 0 158 4 0 0 0 0 0 0 0 0 149 152
149 152 0 0 0 0 0 0 0 0 0 0 0 0 0 0 0 0 0 0 0 0 149 152
149 152 0 0 0 0 0 0 0 0 0 0 0 0 0 0 0 0 0 0 0 0 149 152
149 152 0 0 0 0 0 0 0 0 0 0 0 0 0 0 0 0 0 0 0 0 149 152
149 10 154 154 154 154 156 0 0 0 0 0 0 0 0 0 0 0 0 0 0 0 149 152
149 27 3 3 3 3 4 0 0 0 0 0 0 0 0 0 0 0 0 0 0 0 149 152
149 152 0 0 0 0 0 0 0 0 0 0 0 0 0 0 0 0 0 0 0 0 149 152
149 152 0 0 0 0 0 0 0 0 0 0 0 0 0 0 0 0 0 0 0 0 149 152
149 152 0 0 0 0 0 0 0 0 0 0 0 0 0 0 0 0 0 0 0 0 149 152
149 152 0 0 0 0 0 0 0 0 0 0 0 5 6 7 8 0 0 0 0 0 149 152
149 152 0 0 0 0 0 0 0 0 0 0 0 0 0 0 0 0 0 0 0 0 149 152
149 152 0 0 0 0 0 0 0 0 0 0 0 0 0 0 0 0 0 0 0 0 149 152
149 152 0 0 0 0 0 0 0 0 0 0 0 0 0 0 0 0 0 0 0 0 149 152
