2 0 0 0 0 0 0 8 45 45 45 45 45 45 45 45 10 0 0 0 0 0 0 4
2 0 0 0 0 0 0 0 8 45 45 45 45 45 45 10 0 0 0 0 0 0 0 4
2 0 0 0 0 0 0 0 0 8 9 9 9 9 9 0 0 0 0 0 0 0 0 4
2 0 0 0 0 0 0 0 0 0 0 0 0 0 0 0 0 0 0 0 19 20 20 4
2 20 21 0 0 0 0 0 0 0 0 0 0 0 0 0 0 0 0 0 0 0 0 4
2 0 39 0 0 0 0 0 0 0 0 0 0 0 0 0 0 0 0 0 0 0 0 4
2 0 0 0 0 0 0 0 0 0 0 0 0 0 0 1 23 0 0 0 0 0 0 4
2 0 0 0 0 0 0 0 0 0 0 0 0 0 0 8 10 0 0 0 0 0 0 4
2 0 0 0 0 0 0 0 0 0 0 0 0 0 0 0 0 0 0 0 0 0 0 4
2 0 0 0 0 0 0 0 0 0 0 0 0 0 0 0 0 0 0 0 0 0 0 4
2 0 0 0 0 0 0 1 13 13 23 0 0 0 0 0 0 0 0 0 0 0 0 4
2 0 0 0 0 0 0 8 9 9 10 0 0 0 0 0 0 0 0 0 0 0 0 4
2 0 0 0 0 0 0 0 0 0 0 0 0 0 0 0 0 0 0 0 0 0 0 4
2 0 0 0 0 0 0 0 0 0 0 0 0 0 0 0 0 0 0 0 0 0 0 4
2 0 0 0 0 0 0 0 0 0 0 0 0 0 0 0 0 0 0 0 0 0 0 4
2 0 0 0 0 0 0 0 0 0 0 0 0 0 0 1 13 23 0 0 0 0 0 4
2 0 0 0 0 0 0 0 0 0 0 0 0 0 0 4 45 2 0 0 0 0 0 4
2 0 0 0 0 0 0 0 0 0 1 13 13 13 13 45 45 2 0 0 0 0 0 4
2 0 0 0 0 0 0 0 0 0 4 45 45 45 45 45 45 2 0 0 0 0 0 4
2 0 19 23 0 0 0 0 0 0 8 9 9 9 9 9 9 10 0 0 0 0 0 4
2 0 0 39 0 0 0 0 0 0 0 0 0 0 0 0 0 0 0 0 0 0 0 4
2 0 0 0 0 0 0 0 0 0 0 0 0 0 0 0 0 0 0 0 0 0 0 4
2 0 0 0 0 0 0 0 0 0 0 0 0 0 0 0 0 0 0 0 0 0 0 4
2 0 0 0 0 0 0 0 19 20 20 21 0 0 0 19 20 20 21 0 0 0 0 4