2 0 0 0 0 0 0 37 0 0 0 0 0 0 0 0 37 0 0 0 0 0 0 4
2 0 0 0 0 0 0 37 0 0 0 0 0 0 0 0 38 0 0 0 0 0 0 4
2 21 0 0 0 0 0 37 0 0 0 0 0 0 0 0 38 0 0 0 0 0 0 4
2 0 0 0 0 0 0 38 13 23 0 0 0 0 0 0 38 0 0 0 0 0 0 4
2 0 0 0 0 0 0 8 9 10 0 0 0 0 0 0 38 0 0 0 0 19 20 4
2 0 0 0 0 0 0 0 0 0 0 0 0 0 19 20 10 0 0 0 0 0 0 4
2 0 0 0 0 0 0 0 0 0 0 0 0 0 0 0 0 0 0 0 0 0 0 4
2 0 0 0 0 0 0 0 0 0 0 0 0 0 0 0 0 0 0 0 0 0 0 4
2 0 0 0 0 0 0 19 20 20 21 0 0 0 0 0 0 0 0 0 0 0 0 4
2 19 20 21 0 0 0 0 0 0 0 0 0 0 0 0 0 0 0 0 0 0 0 4
2 0 0 0 0 0 0 0 0 0 0 0 0 0 0 0 0 0 0 0 0 0 0 4
2 0 0 0 0 0 0 0 0 0 0 0 0 0 0 0 0 0 0 0 0 0 0 4
2 0 0 0 0 0 0 0 0 0 0 0 0 0 0 0 0 0 0 0 0 0 0 4
2 0 0 0 0 0 0 0 0 0 0 0 0 0 0 0 0 0 0 0 0 0 0 4
2 0 0 0 0 0 0 0 0 0 0 0 0 0 0 0 0 0 0 0 0 0 0 4
2 0 0 0 0 0 19 20 20 21 0 0 0 0 0 1 13 23 0 0 0 0 0 4
2 0 0 0 0 0 0 0 0 0 0 0 0 0 0 0 0 0 0 0 0 0 0 4
2 0 0 0 0 0 0 0 0 0 0 0 0 0 0 0 0 0 0 0 0 0 0 4
2 0 0 0 0 0 0 0 0 0 0 0 0 0 0 0 0 0 0 0 0 0 0 4
2 0 0 0 0 0 0 0 0 0 0 0 0 0 0 0 0 0 0 0 0 0 0 4
2 0 0 0 0 0 0 0 0 0 0 0 1 23 0 0 0 0 0 0 0 0 0 4
2 0 0 0 0 0 0 0 0 0 0 0 4 16 12 12 23 0 0 0 0 0 0 4
2 0 0 0 0 0 0 0 0 0 0 1 45 45 45 45 2 0 0 0 0 0 0 4
2 0 0 0 0 0 0 1 12 12 12 45 45 45 45 45 45 20 21 0 0 0 0 4